# rc=0
{
 "modified": [
  8,
  15
 ],
 "surahs": {
  "8": {
   "reason": "9 آيةً تنحرف عن موضعها المسموع > 1.5ث (أقصاها الآية 29: +12.5ث) · الآيات 1,24,26,28,29,32,51,53,64",
   "dev": [
    [
     1,
     4731
    ],
    [
     24,
     -2722
    ],
    [
     26,
     9866
    ],
    [
     28,
     12345
    ],
    [
     29,
     12497
    ],
    [
     32,
     7191
    ],
    [
     51,
     3583
    ],
    [
     53,
     5605
    ],
    [
     64,
     -1805
    ]
   ]
  },
  "15": {
   "reason": "8 آيةً تنحرف عن موضعها المسموع > 1.5ث (أقصاها الآية 39: +11.4ث) · الآيات 17,30,31,39,44,72,98,99",
   "dev": [
    [
     17,
     -1921
    ],
    [
     30,
     5603
    ],
    [
     31,
     4162
    ],
    [
     39,
     11401
    ],
    [
     44,
     -2233
    ],
    [
     72,
     -1632
    ],
    [
     98,
     6564
    ],
    [
     99,
     1951
    ]
   ]
  },
  "21": {
   "reason": "62 آيةً تنحرف عن موضعها المسموع > 1.5ث (أقصاها الآية 112: -434.8ث) · الآيات 1,2,3,4,5,6,7,8,9,10,11,12,13,14,15,16,17,18,19,21,30,35,47,60,64,71,72,77,78,79",
   "dev": [
    [
     1,
     146548
    ],
    [
     2,
     140784
    ],
    [
     3,
     136782
    ],
    [
     4,
     128396
    ],
    [
     5,
     124874
    ],
    [
     6,
     119230
    ],
    [
     7,
     116869
    ],
    [
     8,
     109804
    ],
    [
     9,
     107542
    ],
    [
     10,
     101357
    ],
    [
     11,
     99696
    ],
    [
     12,
     94253
    ],
    [
     13,
     92773
    ],
    [
     14,
     89510
    ],
    [
     15,
     87709
    ],
    [
     16,
     84366
    ],
    [
     17,
     81505
    ],
    [
     18,
     77632
    ],
    [
     19,
     72418
    ],
    [
     21,
     67175
    ],
    [
     30,
     5624
    ],
    [
     35,
     3763
    ],
    [
     47,
     4443
    ],
    [
     60,
     -2351
    ],
    [
     64,
     3552
    ],
    [
     71,
     3632
    ],
    [
     72,
     -1611
    ],
    [
     77,
     -28008
    ],
    [
     78,
     -41518
    ],
    [
     79,
     -47882
    ],
    [
     80,
     -56297
    ],
    [
     81,
     -59810
    ],
    [
     82,
     -76201
    ],
    [
     83,
     -84386
    ],
    [
     84,
     -179891
    ],
    [
     86,
     -211582
    ],
    [
     87,
     -219557
    ],
    [
     88,
     -286682
    ],
    [
     89,
     -308496
    ],
    [
     90,
     -345662
    ],
    [
     91,
     -342660
    ],
    [
     92,
     -342860
    ],
    [
     93,
     -342079
    ],
    [
     94,
     -345522
    ],
    [
     95,
     -347082
    ],
    [
     96,
     -348603
    ],
    [
     97,
     -352206
    ],
    [
     98,
     -360231
    ],
    [
     99,
     -362422
    ],
    [
     100,
     -368276
    ],
    [
     101,
     -372099
    ],
    [
     102,
     -380965
    ],
    [
     103,
     -382306
    ],
    [
     104,
     -398797
    ],
    [
     105,
     -407083
    ],
    [
     106,
     -414347
    ],
    [
     107,
     -416128
    ],
    [
     108,
     -419531
    ],
    [
     109,
     -426035
    ],
    [
     110,
     -429097
    ],
    [
     111,
     -433280
    ],
    [
     112,
     -434802
    ]
   ]
  },
  "62": {
   "reason": "5 آيةً تنحرف عن موضعها المسموع > 1.5ث (أقصاها الآية 11: -64.1ث) · الآيات 7,8,9,10,11",
   "dev": [
    [
     7,
     -3812
    ],
    [
     8,
     -18451
    ],
    [
     9,
     -28928
    ],
    [
     10,
     -56505
    ],
    [
     11,
     -64109
    ]
   ]
  },
  "105": {
   "reason": null,
   "dev": []
  },
  "114": {
   "reason": null,
   "dev": []
  }
 },
 "maps.8": {
  "surah": 8,
  "sha256": "58188a1d85b4a11f3103d3c0513e13bf5e8e5d59429c119e13ea4c464beb5ae4",
  "fileRef": "https://server7.mp3quran.net/asim/Rewayat-Hafs-A-n-Assem/008.mp3",
  "totalMs": 1652662,
  "engine": "ctc-heardmap-1",
  "anchors": {
   "1": [
    [
     4603,
     28759
    ],
    0.716,
    [
     [
      5964,
      29479,
      0.718
     ]
    ]
   ],
   "2": [
    [
     28739,
     50053
    ],
    0.887,
    [
     [
      34963,
      50534,
      0.707
     ]
    ]
   ],
   "3": [
    [
     50514,
     58779
    ],
    0.758,
    [
     [
      50514,
      58059,
      0.758
     ],
     [
      864442,
      870366,
      0.557
     ]
    ]
   ],
   "4": [
    [
     59259,
     71968
    ],
    0.804,
    [
     [
      59400,
      71968,
      0.826
     ],
     [
      1615008,
      1625835,
      0.659
     ]
    ]
   ],
   "5": [
    [
     72408,
     83216
    ],
    0.848,
    [
     [
      72408,
      82295,
      0.826
     ]
    ]
   ],
   "6": [
    [
     83636,
     94083
    ],
    0.8,
    [
     [
      83196,
      93202,
      0.78
     ]
    ]
   ],
   "7": [
    [
     94063,
     115457
    ],
    0.798,
    [
     [
      95044,
      113916,
      0.747
     ]
    ]
   ],
   "8": [
    [
     115798,
     121822
    ],
    0.875,
    [
     [
      115798,
      120721,
      0.781
     ]
    ]
   ],
   "9": [
    [
     122202,
     157506
    ],
    0.863,
    [
     [
      125604,
      131888,
      0.582
     ],
     [
      142135,
      156485,
      0.627
     ]
    ]
   ],
   "10": [
    [
     157486,
     180721
    ],
    0.791,
    [
     [
      155905,
      173136,
      0.627
     ]
    ]
   ],
   "11": [
    [
     180701,
     221889
    ],
    0.812,
    [
     [
      186325,
      211142,
      0.728
     ]
    ]
   ],
   "12": [
    [
     221869,
     274484
    ],
    0.618,
    []
   ],
   "13": [
    [
     277266,
     289935
    ],
    0.793,
    [
     [
      274845,
      289935,
      0.81
     ],
     [
      512465,
      529556,
      0.552
     ],
     [
      1180855,
      1190982,
      0.565
     ]
    ]
   ],
   "14": [
    [
     291416,
     305085
    ],
    0.69,
    [
     [
      291416,
      299842,
      0.655
     ],
     [
      1535014,
      1537135,
      0.558
     ]
    ]
   ],
   "15": [
    [
     305065,
     313851
    ],
    0.83,
    [
     [
      305165,
      313451,
      0.811
     ],
     [
      417161,
      424506,
      0.604
     ],
     [
      457828,
      472378,
      0.619
     ],
     [
      600544,
      608490,
      0.611
     ],
     [
      646635,
      660044,
      0.568
     ]
    ]
   ],
   "16": [
    [
     314592,
     332544
    ],
    0.863,
    [
     [
      316333,
      332544,
      0.812
     ]
    ]
   ],
   "17": [
    [
     333084,
     367307
    ],
    0.918,
    [
     [
      343391,
      358541,
      0.725
     ]
    ]
   ],
   "18": [
    [
     367847,
     373811
    ],
    0.76,
    [
     [
      367847,
      372611,
      0.84
     ],
     [
      491711,
      497275,
      0.636
     ],
     [
      524413,
      529036,
      0.65
     ],
     [
      875409,
      879933,
      0.636
     ],
     [
      1191983,
      1196306,
      0.652
     ],
     [
      1387975,
      1391878,
      0.605
     ]
    ]
   ],
   "19": [
    [
     373791,
     412237
    ],
    0.705,
    [
     [
      373791,
      399829,
      0.652
     ]
    ]
   ],
   "20": [
    [
     412337,
     427348
    ],
    0.755,
    [
     [
      18132,
      30780,
      0.566
     ],
     [
      417461,
      427348,
      0.765
     ],
     [
      600544,
      609110,
      0.673
     ],
     [
      995150,
      1000694,
      0.568
     ]
    ]
   ],
   "21": [
    [
     428008,
     434572
    ],
    0.806,
    [
     [
      417461,
      420143,
      0.593
     ],
     [
      427328,
      434572,
      0.806
     ],
     [
      645655,
      654481,
      0.567
     ],
     [
      693527,
      701652,
      0.567
     ],
     [
      780586,
      784888,
      0.596
     ],
     [
      1293952,
      1301857,
      0.571
     ]
    ]
   ],
   "22": [
    [
     435153,
     446120
    ],
    0.795,
    [
     [
      297740,
      307327,
      0.567
     ],
     [
      435153,
      446120,
      0.827
     ],
     [
      1012522,
      1021088,
      0.562
     ],
     [
      1249382,
      1261029,
      0.658
     ]
    ]
   ],
   "23": [
    [
     446580,
     459489
    ],
    0.816,
    [
     [
      446580,
      455166,
      0.8
     ],
     [
      872728,
      881654,
      0.565
     ]
    ]
   ],
   "24": [
    [
     460070,
     506481
    ],
    0.839,
    [
     [
      470056,
      494413,
      0.777
     ]
    ]
   ],
   "25": [
    [
     507822,
     531738
    ],
    0.914,
    [
     [
      473699,
      488609,
      0.559
     ],
     [
      512785,
      529556,
      0.877
     ]
    ]
   ],
   "26": [
    [
     531778,
     600564
    ],
    0.766,
    [
     [
      542125,
      576528,
      0.564
     ]
    ]
   ],
   "27": [
    [
     600544,
     616615
    ],
    0.914,
    [
     [
      417161,
      425666,
      0.571
     ],
     [
      472038,
      486387,
      0.606
     ],
     [
      603006,
      616615,
      0.793
     ]
    ]
   ],
   "28": [
    [
     617195,
     647876
    ],
    0.783,
    [
     [
      482665,
      495153,
      0.558
     ],
     [
      618997,
      634367,
      0.615
     ]
    ]
   ],
   "29": [
    [
     647856,
     677456
    ],
    0.65,
    []
   ],
   "30": [
    [
     678737,
     693167
    ],
    0.726,
    [
     [
      678737,
      692806,
      0.726
     ]
    ]
   ],
   "31": [
    [
     693527,
     716683
    ],
    0.667,
    [
     [
      692586,
      708117,
      0.618
     ]
    ]
   ],
   "32": [
    [
     717263,
     753747
    ],
    0.634,
    [
     [
      715141,
      732333,
      0.569
     ]
    ]
   ],
   "33": [
    [
     757350,
     770899
    ],
    0.538,
    [
     [
      404632,
      417181,
      0.565
     ],
     [
      756049,
      773221,
      0.596
     ]
    ]
   ],
   "34": [
    [
     773201,
     790572
    ],
    0.87,
    [
     [
      770339,
      790572,
      0.87
     ]
    ]
   ],
   "35": [
    [
     791093,
     805322
    ],
    0.807,
    [
     [
      790192,
      805322,
      0.829
     ]
    ]
   ],
   "36": [
    [
     806023,
     826837
    ],
    0.887,
    [
     [
      805302,
      827457,
      0.902
     ]
    ]
   ],
   "37": [
    [
     827437,
     844429
    ],
    0.912,
    [
     [
      827577,
      844108,
      0.9
     ]
    ]
   ],
   "38": [
    [
     845129,
     857037
    ],
    0.814,
    [
     [
      844088,
      857037,
      0.828
     ]
    ]
   ],
   "39": [
    [
     857577,
     871247
    ],
    0.877,
    [
     [
      857577,
      871067,
      0.862
     ]
    ]
   ],
   "40": [
    [
     871827,
     883035
    ],
    0.891,
    [
     [
      406574,
      418902,
      0.558
     ],
     [
      488929,
      501658,
      0.6
     ],
     [
      617195,
      627763,
      0.575
     ],
     [
      865823,
      871067,
      0.575
     ],
     [
      871827,
      881654,
      0.826
     ],
     [
      1317888,
      1322831,
      0.553
     ]
    ]
   ],
   "41": [
    [
     883795,
     914236
    ],
    0.788,
    [
     [
      881634,
      914636,
      0.795
     ]
    ]
   ],
   "42": [
    [
     914616,
     945637
    ],
    0.824,
    [
     [
      914036,
      945637,
      0.831
     ]
    ]
   ],
   "43": [
    [
     946077,
     964650
    ],
    0.678,
    [
     [
      946077,
      961748,
      0.692
     ]
    ]
   ],
   "44": [
    [
     964630,
     983322
    ],
    0.807,
    [
     [
      964630,
      982121,
      0.795
     ]
    ]
   ],
   "45": [
    [
     983302,
     996151
    ],
    0.717,
    [
     [
      305065,
      314932,
      0.583
     ],
     [
      600544,
      607509,
      0.577
     ],
     [
      983302,
      996151,
      0.756
     ]
    ]
   ],
   "46": [
    [
     996131,
     1019326
    ],
    0.862,
    [
     [
      996131,
      1010701,
      0.831
     ]
    ]
   ],
   "47": [
    [
     1019847,
     1039760
    ],
    0.635,
    [
     [
      1020047,
      1039520,
      0.662
     ]
    ]
   ],
   "48": [
    [
     1040401,
     1086452
    ],
    0.779,
    [
     [
      1039500,
      1078066,
      0.721
     ]
    ]
   ],
   "49": [
    [
     1087012,
     1127139
    ],
    0.708,
    [
     [
      1094297,
      1111949,
      0.582
     ]
    ]
   ],
   "50": [
    [
     1127119,
     1146973
    ],
    0.585,
    [
     [
      1126138,
      1146732,
      0.6
     ]
    ]
   ],
   "51": [
    [
     1147673,
     1167066
    ],
    0.694,
    [
     [
      480023,
      490630,
      0.556
     ],
     [
      1151756,
      1157900,
      0.571
     ],
     [
      1158700,
      1165265,
      0.561
     ]
    ]
   ],
   "52": [
    [
     1167046,
     1190982
    ],
    0.699,
    [
     [
      1167486,
      1185839,
      0.652
     ]
    ]
   ],
   "53": [
    [
     1191042,
     1216619
    ],
    0.691,
    [
     [
      930467,
      946097,
      0.567
     ],
     [
      1197527,
      1212517,
      0.588
     ]
    ]
   ],
   "54": [
    [
     1217120,
     1252364
    ],
    0.595,
    [
     [
      1216419,
      1239735,
      0.582
     ]
    ]
   ],
   "55": [
    [
     1252344,
     1261029
    ],
    0.816,
    [
     [
      307487,
      312570,
      0.592
     ],
     [
      435153,
      446600,
      0.64
     ],
     [
      802240,
      809725,
      0.576
     ],
     [
      843568,
      849232,
      0.571
     ],
     [
      1249382,
      1261530,
      0.816
     ],
     [
      1590872,
      1596515,
      0.563
     ]
    ]
   ],
   "56": [
    [
     1261510,
     1270976
    ],
    0.814,
    [
     [
      1261510,
      1270976,
      0.837
     ]
    ]
   ],
   "57": [
    [
     1271536,
     1280523
    ],
    0.907,
    [
     [
      1271536,
      1280523,
      0.907
     ]
    ]
   ],
   "58": [
    [
     1281023,
     1295493
    ],
    0.889,
    [
     [
      1281023,
      1294192,
      0.889
     ]
    ]
   ],
   "59": [
    [
     1295473,
     1302918
    ],
    0.829,
    [
     [
      461551,
      472638,
      0.567
     ],
     [
      805302,
      812567,
      0.618
     ],
     [
      821073,
      825416,
      0.643
     ],
     [
      1293031,
      1301857,
      0.829
     ],
     [
      1430584,
      1439109,
      0.571
     ],
     [
      1592633,
      1596155,
      0.607
     ]
    ]
   ],
   "60": [
    [
     1302898,
     1335580
    ],
    0.842,
    [
     [
      1301837,
      1330856,
      0.782
     ]
    ]
   ],
   "61": [
    [
     1336000,
     1349889
    ],
    0.8,
    [
     [
      1339162,
      1349489,
      0.821
     ]
    ]
   ],
   "62": [
    [
     1352351,
     1372484
    ],
    0.83,
    [
     [
      1352351,
      1371184,
      0.792
     ],
     [
      1398642,
      1409569,
      0.562
     ],
     [
      1538036,
      1546202,
      0.562
     ]
    ]
   ],
   "63": [
    [
     1374166,
     1397581
    ],
    0.855,
    [
     [
      1379789,
      1397441,
      0.708
     ]
    ]
   ],
   "64": [
    [
     1398822,
     1409650
    ],
    0.694,
    [
     [
      167172,
      173657,
      0.552
     ],
     [
      600544,
      604167,
      0.552
     ],
     [
      1359556,
      1370243,
      0.59
     ],
     [
      1401744,
      1410510,
      0.657
     ]
    ]
   ],
   "65": [
    [
     1409910,
     1440130
    ],
    0.628,
    [
     [
      1409630,
      1439650,
      0.637
     ]
    ]
   ],
   "66": [
    [
     1441371,
     1473232
    ],
    0.695,
    [
     [
      1442492,
      1470871,
      0.724
     ]
    ]
   ],
   "67": [
    [
     1473212,
     1491004
    ],
    0.769,
    [
     [
      1473212,
      1489003,
      0.769
     ]
    ]
   ],
   "68": [
    [
     1490984,
     1501431
    ],
    0.921,
    [
     [
      1488743,
      1498690,
      0.842
     ]
    ]
   ],
   "69": [
    [
     1501411,
     1519504
    ],
    0.578,
    [
     [
      1501572,
      1514600,
      0.612
     ]
    ]
   ],
   "70": [
    [
     1519484,
     1538056
    ],
    0.882,
    [
     [
      1519484,
      1536695,
      0.849
     ]
    ]
   ],
   "71": [
    [
     1538636,
     1548763
    ],
    0.907,
    [
     [
      1538797,
      1548763,
      0.914
     ]
    ]
   ],
   "72": [
    [
     1549484,
     1592913
    ],
    0.852,
    [
     [
      1550424,
      1592653,
      0.852
     ]
    ]
   ],
   "73": [
    [
     1593333,
     1606162
    ],
    0.821,
    [
     [
      1592893,
      1604001,
      0.768
     ]
    ]
   ],
   "74": [
    [
     1606142,
     1625835
    ],
    0.762,
    [
     [
      49373,
      71968,
      0.56
     ],
     [
      1549484,
      1566275,
      0.655
     ],
     [
      1606142,
      1625675,
      0.762
     ]
    ]
   ],
   "75": [
    [
     1626175,
     1649611
    ],
    0.796,
    [
     [
      1636242,
      1649611,
      0.788
     ]
    ]
   ]
  }
 },
 "maps.15": {
  "surah": 15,
  "sha256": "16af862fb90bf3b0fe88b37937b878565b4037152ab9e3b59b75eba89d825e72",
  "fileRef": "https://server7.mp3quran.net/asim/Rewayat-Hafs-A-n-Assem/015.mp3",
  "totalMs": 942367,
  "engine": "ctc-heardmap-1",
  "anchors": {
   "1": [
    [
     4723,
     15810
    ],
    0.783,
    [
     [
      5323,
      15810,
      0.783
     ],
     [
      563339,
      566421,
      0.571
     ],
     [
      598003,
      603787,
      0.556
     ],
     [
      796777,
      800679,
      0.55
     ]
    ]
   ],
   "2": [
    [
     16290,
     22955
    ],
    0.9,
    [
     [
      15790,
      20994,
      0.9
     ],
     [
      84697,
      91701,
      0.567
     ],
     [
      616956,
      623480,
      0.61
     ]
    ]
   ],
   "3": [
    [
     22935,
     30620
    ],
    0.846,
    [
     [
      22935,
      29740,
      0.904
     ]
    ]
   ],
   "4": [
    [
     30600,
     38405
    ],
    0.871,
    [
     [
      30600,
      36644,
      0.806
     ]
    ]
   ],
   "5": [
    [
     38485,
     44670
    ],
    0.846,
    [
     [
      38385,
      43069,
      0.846
     ]
    ]
   ],
   "6": [
    [
     44650,
     52275
    ],
    0.806,
    [
     [
      43169,
      50894,
      0.861
     ],
     [
      846130,
      853615,
      0.556
     ],
     [
      933409,
      938032,
      0.553
     ]
    ]
   ],
   "7": [
    [
     52255,
     59740
    ],
    0.75,
    [
     [
      50714,
      59740,
      0.75
     ]
    ]
   ],
   "8": [
    [
     60080,
     69366
    ],
    0.895,
    [
     [
      60080,
      69366,
      0.895
     ],
     [
      306866,
      318334,
      0.553
     ]
    ]
   ],
   "9": [
    [
     69727,
     77412
    ],
    0.857,
    [
     [
      68506,
      77412,
      0.857
     ]
    ]
   ],
   "10": [
    [
     77552,
     82475
    ],
    0.75,
    [
     [
      77872,
      81975,
      0.8
     ]
    ]
   ],
   "11": [
    [
     84697,
     91701
    ],
    0.844,
    [
     [
      82215,
      91701,
      0.844
     ]
    ]
   ],
   "12": [
    [
     91821,
     96785
    ],
    0.826,
    [
     [
      91821,
      97125,
      0.87
     ]
    ]
   ],
   "13": [
    [
     96765,
     103229
    ],
    0.769,
    [
     [
      95244,
      101528,
      0.769
     ]
    ]
   ],
   "14": [
    [
     103209,
     111014
    ],
    0.737,
    [
     [
      101008,
      110794,
      0.8
     ]
    ]
   ],
   "15": [
    [
     113056,
     121321
    ],
    0.857,
    [
     [
      113216,
      119700,
      0.829
     ]
    ]
   ],
   "16": [
    [
     121301,
     138953
    ],
    0.824,
    [
     [
      121141,
      128566,
      0.735
     ],
     [
      131008,
      140975,
      0.706
     ]
    ]
   ],
   "17": [
    [
     142155,
     149540
    ],
    0.526,
    [
     [
      148079,
      151181,
      0.6
     ]
    ]
   ],
   "18": [
    [
     152022,
     160468
    ],
    0.69,
    [
     [
      152803,
      156885,
      0.706
     ]
    ]
   ],
   "19": [
    [
     160808,
     173697
    ],
    0.735,
    [
     [
      160808,
      171595,
      0.694
     ]
    ]
   ],
   "20": [
    [
     173677,
     183083
    ],
    0.875,
    [
     [
      171895,
      179581,
      0.812
     ]
    ]
   ],
   "21": [
    [
     183183,
     205658
    ],
    0.659,
    [
     [
      190608,
      204678,
      0.634
     ]
    ]
   ],
   "22": [
    [
     205798,
     231896
    ],
    0.86,
    [
     [
      208940,
      227593,
      0.754
     ]
    ]
   ],
   "23": [
    [
     232877,
     251529
    ],
    0.667,
    [
     [
      239501,
      248647,
      0.667
     ]
    ]
   ],
   "24": [
    [
     251509,
     264658
    ],
    0.707,
    [
     [
      256532,
      263557,
      0.778
     ]
    ]
   ],
   "25": [
    [
     264638,
     279828
    ],
    0.52,
    []
   ],
   "26": [
    [
     284091,
     295018
    ],
    0.742,
    [
     [
      284091,
      292637,
      0.774
     ]
    ]
   ],
   "27": [
    [
     294998,
     304405
    ],
    0.667,
    [
     [
      294998,
      303564,
      0.667
     ]
    ]
   ],
   "28": [
    [
     304545,
     317654
    ],
    0.714,
    [
     [
      286813,
      295058,
      0.554
     ],
     [
      304765,
      315592,
      0.619
     ]
    ]
   ],
   "29": [
    [
     317934,
     329742
    ],
    0.714,
    [
     [
      322337,
      329101,
      0.633
     ]
    ]
   ],
   "30": [
    [
     332804,
     342210
    ],
    0.571,
    []
   ],
   "31": [
    [
     342410,
     355619
    ],
    0.538,
    [
     [
      346473,
      352577,
      0.652
     ],
     [
      427768,
      430770,
      0.564
     ],
     [
      926804,
      932488,
      0.553
     ]
    ]
   ],
   "32": [
    [
     355920,
     363284
    ],
    0.586,
    [
     [
      355920,
      361643,
      0.588
     ],
     [
      574687,
      582172,
      0.552
     ],
     [
      586075,
      592179,
      0.552
     ],
     [
      735175,
      742460,
      0.552
     ],
     [
      925804,
      932488,
      0.561
     ]
    ]
   ],
   "33": [
    [
     364625,
     375813
    ],
    0.658,
    [
     [
      285432,
      292837,
      0.571
     ],
     [
      306206,
      316993,
      0.632
     ],
     [
      363264,
      374592,
      0.658
     ]
    ]
   ],
   "34": [
    [
     375793,
     380516
    ],
    0.65,
    [
     [
      375793,
      377454,
      0.621
     ],
     [
      378215,
      382698,
      0.757
     ]
    ]
   ],
   "35": [
    [
     385700,
     393225
    ],
    0.583,
    [
     [
      193430,
      199434,
      0.558
     ],
     [
      385700,
      388381,
      0.556
     ],
     [
      390603,
      396547,
      0.605
     ],
     [
      596242,
      603787,
      0.571
     ],
     [
      716002,
      719865,
      0.564
     ],
     [
      835923,
      842348,
      0.583
     ]
    ]
   ],
   "36": [
    [
     395946,
     403392
    ],
    0.708,
    [
     [
      395946,
      403392,
      0.766
     ]
    ]
   ],
   "37": [
    [
     403372,
     409656
    ],
    0.706,
    [
     [
      30740,
      32982,
      0.6
     ],
     [
      49073,
      50734,
      0.56
     ],
     [
      64323,
      69366,
      0.647
     ],
     [
      355920,
      356920,
      0.583
     ],
     [
      380996,
      382918,
      0.56
     ],
     [
      401430,
      407594,
      0.727
     ]
    ]
   ],
   "38": [
    [
     409636,
     414919
    ],
    0.611,
    [
     [
      26738,
      29639,
      0.571
     ],
     [
      196652,
      202516,
      0.581
     ],
     [
      409636,
      412578,
      0.667
     ],
     [
      714561,
      716843,
      0.581
     ],
     [
      811987,
      814769,
      0.629
     ],
     [
      835323,
      837504,
      0.581
     ]
    ]
   ],
   "39": [
    [
     414899,
     438695
    ],
    0.609,
    []
   ],
   "40": [
    [
     438675,
     443479
    ],
    0.5,
    [
     [
      104550,
      109593,
      0.615
     ],
     [
      193430,
      199434,
      0.564
     ],
     [
      518609,
      525034,
      0.55
     ]
    ]
   ],
   "41": [
    [
     443459,
     449463
    ],
    0.611,
    [
     [
      445800,
      449783,
      0.581
     ],
     [
      489570,
      495674,
      0.562
     ]
    ]
   ],
   "42": [
    [
     449763,
     464032
    ],
    0.475,
    [
     [
      450783,
      465053,
      0.579
     ]
    ]
   ],
   "43": [
    [
     464012,
     473018
    ],
    0.55,
    [
     [
      173677,
      177699,
      0.55
     ],
     [
      463832,
      468796,
      0.588
     ],
     [
      791073,
      793455,
      0.562
     ]
    ]
   ],
   "44": [
    [
     473199,
     490470
    ],
    0.571,
    [
     [
      481424,
      490250,
      0.627
     ]
    ]
   ],
   "45": [
    [
     493933,
     500237
    ],
    0.842,
    [
     [
      49233,
      52415,
      0.552
     ],
     [
      166692,
      171915,
      0.579
     ],
     [
      493933,
      498656,
      0.842
     ],
     [
      770379,
      776303,
      0.571
     ],
     [
      893142,
      895143,
      0.552
     ]
    ]
   ],
   "46": [
    [
     500477,
     503499
    ],
    0.625,
    [
     [
      41027,
      42248,
      0.583
     ],
     [
      337547,
      342030,
      0.6
     ],
     [
      428208,
      429709,
      0.583
     ],
     [
      500477,
      502118,
      0.667
     ],
     [
      602085,
      603787,
      0.609
     ],
     [
      606468,
      608210,
      0.583
     ]
    ]
   ],
   "47": [
    [
     505160,
     516228
    ],
    0.816,
    [
     [
      505160,
      513766,
      0.789
     ]
    ]
   ],
   "48": [
    [
     516368,
     525034
    ],
    0.9,
    [
     [
      517969,
      525034,
      0.868
     ]
    ]
   ],
   "49": [
    [
     525394,
     548149
    ],
    0.692,
    [
     [
      527535,
      536821,
      0.667
     ]
    ]
   ],
   "50": [
    [
     549570,
     555334
    ],
    0.727,
    [
     [
      549570,
      554433,
      0.8
     ],
     [
      624501,
      630605,
      0.571
     ],
     [
      688224,
      692266,
      0.564
     ],
     [
      814329,
      818031,
      0.591
     ],
     [
      835323,
      838965,
      0.667
     ],
     [
      935750,
      938032,
      0.571
     ]
    ]
   ],
   "51": [
    [
     555314,
     558656
    ],
    0.529,
    [
     [
      556054,
      560598,
      0.6
     ],
     [
      791453,
      794315,
      0.552
     ]
    ]
   ],
   "52": [
    [
     558636,
     569624
    ],
    0.611,
    [
     [
      558636,
      569624,
      0.694
     ]
    ]
   ],
   "53": [
    [
     569944,
     576969
    ],
    0.741,
    [
     [
      569944,
      575087,
      0.778
     ],
     [
      710979,
      716843,
      0.556
     ],
     [
      901948,
      903909,
      0.55
     ]
    ]
   ],
   "54": [
    [
     577169,
     586095
    ],
    0.8,
    [
     [
      577169,
      584734,
      0.8
     ]
    ]
   ],
   "55": [
    [
     586075,
     597622
    ],
    0.8,
    [
     [
      63062,
      70867,
      0.552
     ],
     [
      584714,
      592179,
      0.733
     ]
    ]
   ],
   "56": [
    [
     598203,
     614174
    ],
    0.793,
    [
     [
      598923,
      606889,
      0.717
     ],
     [
      606989,
      614174,
      0.615
     ],
     [
      622960,
      630024,
      0.566
     ]
    ]
   ],
   "57": [
    [
     614254,
     620578
    ],
    0.609,
    [
     [
      299181,
      303564,
      0.55
     ],
     [
      615995,
      619317,
      0.565
     ],
     [
      935750,
      938032,
      0.56
     ]
    ]
   ],
   "58": [
    [
     620698,
     626822
    ],
    0.731,
    [
     [
      206839,
      210341,
      0.609
     ],
     [
      620958,
      626162,
      0.792
     ]
    ]
   ],
   "59": [
    [
     627182,
     633367
    ],
    0.792,
    [
     [
      63062,
      66925,
      0.591
     ],
     [
      286813,
      292637,
      0.591
     ],
     [
      596242,
      603787,
      0.571
     ],
     [
      627182,
      633367,
      0.809
     ],
     [
      763414,
      767037,
      0.564
     ],
     [
      860940,
      866704,
      0.565
     ]
    ]
   ],
   "60": [
    [
     633347,
     640651
    ],
    0.571,
    [
     [
      633647,
      639491,
      0.607
     ]
    ]
   ],
   "61": [
    [
     640631,
     646415
    ],
    0.684,
    [
     [
      207599,
      209821,
      0.581
     ],
     [
      567482,
      570344,
      0.552
     ],
     [
      625982,
      630825,
      0.722
     ],
     [
      640812,
      646415,
      0.703
     ],
     [
      690365,
      694027,
      0.562
     ],
     [
      811006,
      812968,
      0.562
     ]
    ]
   ],
   "62": [
    [
     646656,
     657743
    ],
    0.812,
    [
     [
      113216,
      115457,
      0.571
     ],
     [
      116718,
      121161,
      0.562
     ],
     [
      299181,
      303444,
      0.562
     ],
     [
      355920,
      360222,
      0.581
     ],
     [
      646796,
      652079,
      0.71
     ],
     [
      652399,
      656983,
      0.8
     ]
    ]
   ],
   "63": [
    [
     657723,
     663827
    ],
    0.714,
    [
     [
      63062,
      66925,
      0.583
     ],
     [
      113216,
      116878,
      0.56
     ],
     [
      657723,
      662746,
      0.741
     ],
     [
      874129,
      880193,
      0.577
     ]
    ]
   ],
   "64": [
    [
     663807,
     670392
    ],
    0.667,
    [
     [
      17191,
      20093,
      0.564
     ],
     [
      63442,
      65984,
      0.611
     ],
     [
      620558,
      625401,
      0.571
     ],
     [
      663807,
      668590,
      0.667
     ],
     [
      812948,
      814769,
      0.562
     ],
     [
      816330,
      819492,
      0.595
     ]
    ]
   ],
   "65": [
    [
     670372,
     684641
    ],
    0.6,
    [
     [
      670572,
      683660,
      0.633
     ]
    ]
   ],
   "66": [
    [
     684741,
     695769
    ],
    0.744,
    [
     [
      684741,
      694388,
      0.718
     ]
    ]
   ],
   "67": [
    [
     695749,
     702733
    ],
    0.81,
    [
     [
      40927,
      43189,
      0.556
     ],
     [
      171895,
      177699,
      0.571
     ],
     [
      697010,
      700132,
      0.732
     ]
    ]
   ],
   "68": [
    [
     702713,
     710118
    ],
    0.636,
    [
     [
      433412,
      436354,
      0.556
     ],
     [
      702713,
      707777,
      0.591
     ],
     [
      836343,
      841547,
      0.55
     ]
    ]
   ],
   "69": [
    [
     710399,
     713821
    ],
    0.667,
    [
     [
      222690,
      228534,
      0.606
     ],
     [
      710519,
      714161,
      0.706
     ],
     [
      812948,
      815509,
      0.606
     ],
     [
      817591,
      821073,
      0.606
     ],
     [
      835923,
      840066,
      0.556
     ],
     [
      846130,
      849873,
      0.611
     ]
    ]
   ],
   "70": [
    [
     714141,
     719265
    ],
    0.682,
    [
     [
      29379,
      32161,
      0.556
     ],
     [
      44830,
      48212,
      0.571
     ],
     [
      211902,
      218547,
      0.558
     ],
     [
      502098,
      506861,
      0.564
     ],
     [
      627182,
      630825,
      0.556
     ],
     [
      714561,
      717884,
      0.75
     ]
    ]
   ],
   "71": [
    [
     719485,
     726349
    ],
    0.478,
    [
     [
      165411,
      171415,
      0.609
     ],
     [
      382577,
      390343,
      0.55
     ],
     [
      532298,
      546508,
      0.558
     ],
     [
      586075,
      588636,
      0.632
     ]
    ]
   ],
   "72": [
    [
     726329,
     732193
    ],
    0.583,
    [
     [
      725068,
      731313,
      0.667
     ]
    ]
   ],
   "73": [
    [
     732173,
     736336
    ],
    0.789,
    [
     [
      732173,
      735015,
      0.737
     ],
     [
      800659,
      803741,
      0.686
     ]
    ]
   ],
   "74": [
    [
     736476,
     746443
    ],
    0.75,
    [
     [
      736476,
      745542,
      0.709
     ]
    ]
   ],
   "75": [
    [
     747143,
     757170
    ],
    0.8,
    [
     [
      589757,
      591779,
      0.552
     ],
     [
      598203,
      603787,
      0.562
     ],
     [
      752107,
      756109,
      0.7
     ],
     [
      762073,
      765576,
      0.7
     ],
     [
      794515,
      796637,
      0.562
     ],
     [
      852294,
      855116,
      0.562
     ]
    ]
   ],
   "76": [
    [
     757150,
     760352
    ],
    0.6,
    [
     [
      493933,
      495674,
      0.609
     ],
     [
      621358,
      624060,
      0.593
     ],
     [
      734315,
      735375,
      0.583
     ],
     [
      757150,
      760492,
      0.621
     ],
     [
      775462,
      777644,
      0.64
     ],
     [
      864703,
      866704,
      0.583
     ]
    ]
   ],
   "77": [
    [
     760472,
     766857
    ],
    0.737,
    [
     [
      598203,
      603787,
      0.581
     ],
     [
      720185,
      723187,
      0.552
     ],
     [
      752107,
      755429,
      0.611
     ],
     [
      760472,
      765236,
      0.632
     ],
     [
      852775,
      853975,
      0.571
     ],
     [
      890440,
      893822,
      0.556
     ]
    ]
   ],
   "78": [
    [
     766837,
     770859
    ],
    0.545,
    [
     [
      166572,
      171595,
      0.55
     ],
     [
      700112,
      706556,
      0.615
     ],
     [
      766837,
      770399,
      0.649
     ],
     [
      935750,
      938032,
      0.56
     ]
    ]
   ],
   "79": [
    [
     771079,
     780106
    ],
    0.571,
    [
     [
      38726,
      42248,
      0.596
     ],
     [
      770839,
      777644,
      0.667
     ]
    ]
   ],
   "80": [
    [
     782687,
     787711
    ],
    0.625,
    [
     [
      782687,
      786110,
      0.667
     ]
    ]
   ],
   "81": [
    [
     787691,
     793515
    ],
    0.821,
    [
     [
      64563,
      66925,
      0.55
     ],
     [
      787691,
      793455,
      0.821
     ],
     [
      876551,
      880193,
      0.558
     ]
    ]
   ],
   "82": [
    [
     794295,
     800239
    ],
    0.7,
    [
     [
      601965,
      608210,
      0.552
     ],
     [
      616956,
      622199,
      0.556
     ],
     [
      766837,
      776303,
      0.567
     ],
     [
      794295,
      799539,
      0.702
     ]
    ]
   ],
   "83": [
    [
     800659,
     804722
    ],
    0.684,
    [
     [
      732173,
      734715,
      0.686
     ],
     [
      800659,
      803741,
      0.743
     ]
    ]
   ],
   "84": [
    [
     804702,
     810806
    ],
    0.708,
    [
     [
      346473,
      352037,
      0.55
     ],
     [
      658263,
      662746,
      0.553
     ],
     [
      791073,
      796256,
      0.583
     ],
     [
      804922,
      808985,
      0.732
     ],
     [
      875990,
      881614,
      0.558
     ]
    ]
   ],
   "85": [
    [
     810786,
     824876
    ],
    0.791,
    [
     [
      811507,
      824255,
      0.746
     ]
    ]
   ],
   "86": [
    [
     825376,
     830379
    ],
    0.833,
    [
     [
      381337,
      387621,
      0.606
     ],
     [
      436094,
      439556,
      0.645
     ],
     [
      825376,
      829219,
      0.857
     ],
     [
      835083,
      838965,
      0.611
     ],
     [
      906931,
      909933,
      0.625
     ],
     [
      936171,
      938032,
      0.583
     ]
    ]
   ],
   "87": [
    [
     830359,
     838965
    ],
    0.857,
    [
     [
      829199,
      837144,
      0.743
     ]
    ]
   ],
   "88": [
    [
     839426,
     853975
    ],
    0.79,
    [
     [
      839426,
      853615,
      0.758
     ]
    ]
   ],
   "89": [
    [
     855096,
     860420
    ],
    0.476,
    [
     [
      43169,
      47191,
      0.579
     ],
     [
      163410,
      166172,
      0.579
     ],
     [
      194070,
      199434,
      0.615
     ],
     [
      211902,
      216365,
      0.595
     ],
     [
      621358,
      624060,
      0.606
     ],
     [
      624501,
      630605,
      0.585
     ]
    ]
   ],
   "90": [
    [
     860840,
     866404
    ],
    0.524,
    [
     [
      198894,
      202616,
      0.581
     ],
     [
      212463,
      215825,
      0.581
     ],
     [
      353218,
      359142,
      0.571
     ],
     [
      513526,
      519029,
      0.571
     ],
     [
      752587,
      756550,
      0.571
     ],
     [
      861080,
      866704,
      0.619
     ]
    ]
   ],
   "91": [
    [
     866684,
     871707
    ],
    0.5,
    [
     [
      17651,
      20733,
      0.55
     ],
     [
      198994,
      205658,
      0.579
     ],
     [
      411597,
      419542,
      0.55
     ],
     [
      853155,
      857418,
      0.588
     ],
     [
      893142,
      897385,
      0.65
     ]
    ]
   ],
   "92": [
    [
     871867,
     876811
    ],
    0.611,
    [
     [
      872508,
      876571,
      0.611
     ]
    ]
   ],
   "93": [
    [
     877211,
     881614
    ],
    0.786,
    [
     [
      64563,
      66925,
      0.692
     ],
     [
      439276,
      441197,
      0.692
     ],
     [
      659925,
      662746,
      0.643
     ],
     [
      806063,
      810506,
      0.643
     ],
     [
      834702,
      836183,
      0.609
     ],
     [
      877211,
      879893,
      0.8
     ]
    ]
   ],
   "94": [
    [
     881994,
     888699
    ],
    0.815,
    [
     [
      881994,
      888699,
      0.815
     ]
    ]
   ],
   "95": [
    [
     888799,
     891981
    ],
    0.529,
    [
     [
      49073,
      50734,
      0.56
     ],
     [
      122322,
      123203,
      0.64
     ],
     [
      132369,
      133229,
      0.583
     ],
     [
      164170,
      166172,
      0.552
     ],
     [
      493933,
      495674,
      0.56
     ],
     [
      886858,
      891861,
      0.647
     ]
    ]
   ],
   "96": [
    [
     892461,
     901968
    ],
    0.794,
    [
     [
      22935,
      29740,
      0.588
     ],
     [
      893142,
      900207,
      0.735
     ]
    ]
   ],
   "97": [
    [
     902108,
     919119
    ],
    0.893,
    [
     [
      902108,
      906791,
      0.56
     ],
     [
      908332,
      914516,
      0.714
     ]
    ]
   ],
   "98": [
    [
     919219,
     932488
    ],
    0.739,
    [
     [
      922762,
      925864,
      0.55
     ],
     [
      926564,
      932488,
      0.652
     ]
    ]
   ],
   "99": [
    [
     933049,
     937852
    ],
    0.5,
    [
     [
      166572,
      171595,
      0.6
     ]
    ]
   ]
  }
 }
}
