# rc=0
{
 "maps.73.anchors.1": [
  [
   3022,
   7024
  ],
  0.727,
  [
   [
    3022,
    7024,
    0.727
   ],
   [
    47631,
    48712,
    0.667
   ],
   [
    122181,
    124342,
    0.571
   ],
   [
    222808,
    225189,
    0.588
   ]
  ]
 ],
 "maps.73.anchors.2": [
  [
   7224,
   10426
  ],
  0.786,
  [
   [
    240,
    1941,
    0.571
   ],
   [
    7224,
    9206,
    0.8
   ],
   [
    30920,
    34162,
    0.571
   ],
   [
    47631,
    48832,
    0.636
   ],
   [
    121601,
    123222,
    0.583
   ],
   [
    220606,
    225189,
    0.609
   ]
  ]
 ],
 "maps.73.anchors.3": [
  [
   10406,
   15170
  ],
  0.667,
  [
   [
    12528,
    15170,
    0.71
   ],
   [
    21134,
    23755,
    0.562
   ],
   [
    29879,
    32101,
    0.621
   ]
  ]
 ],
 "maps.73.fileRef": "https://server16.mp3quran.net/H-Lharraz/Rewayat-Warsh-A-n-Nafi/073.mp3",
 "modified": [
  42,
  53,
  56,
  73
 ],
 "sample": [
  13,
  25,
  39,
  70
 ]
}
