# rc=0
{
 "sha256": "bbd2a48275460c0966d586b083dad2dc7ea00cc6417688af8168cd87d701445c",
 "ok": true,
 "reason": null,
 "modified": [
  2,
  3,
  4,
  5,
  8,
  11,
  12,
  13,
  14,
  15,
  16,
  17,
  18,
  19,
  20,
  21,
  22,
  23,
  24,
  25,
  27,
  28,
  29,
  30,
  31,
  32,
  33,
  34,
  35,
  37,
  38,
  39,
  40,
  41,
  42,
  43,
  44,
  45,
  46,
  47,
  48,
  49,
  50,
  51,
  52,
  53,
  54,
  56,
  57,
  58,
  59,
  60,
  61,
  63,
  64,
  66,
  67,
  68,
  69,
  70,
  71,
  72,
  74,
  75,
  76,
  77,
  78,
  79,
  80,
  81,
  88,
  89,
  90,
  92,
  93,
  95,
  96,
  100,
  113
 ],
 "sampleFindings": []
}
