# rc=0
{
 "sha256": "bdde111945e3dcce6962eb52a5e5771cb362d83baf1555656ec972532535bd8a",
 "ok": false,
 "reason": "س24 (عيّنة): 24 آيةً تنحرف عن موضعها المسموع > 1.5ث (أقصاها الآية 64: -195.2ث) · الآيات 41,42,43,44,45,46,47,48,49,50,51,52,53,54,55,56,57,58,59,60,61,62,63,64 · س37 (عيّنة): 78 آيةً تنحرف عن موضعها المسموع > 1.5ث (أقصاها الآية 182: -203.4ث) · الآيات 34,35,62,104,105,106,107,108,109,110,111,112,113,114,115,116,117,118,119,120,121,122,123,124,125,126,127,128,130,134",
 "modified": [
  57
 ],
 "sample": [
  24,
  37,
  76,
  97
 ],
 "surahs": {
  "24": {
   "reason": "24 آيةً تنحرف عن موضعها المسموع > 1.5ث (أقصاها الآية 64: -195.2ث) · الآيات 41,42,43,44,45,46,47,48,49,50,51,52,53,54,55,56,57,58,59,60,61,62,63,64",
   "dev": [
    [
     41,
     -2072
    ],
    [
     42,
     -11737
    ],
    [
     43,
     -11978
    ],
    [
     44,
     -32652
    ],
    [
     45,
     -44160
    ],
    [
     46,
     -60230
    ],
    [
     47,
     -67895
    ],
    [
     48,
     -74640
    ],
    [
     49,
     -62071
    ],
    [
     50,
     -61691
    ],
    [
     51,
     -62292
    ],
    [
     52,
     -68756
    ],
    [
     53,
     -70337
    ],
    [
     54,
     -73669
    ],
    [
     55,
     -80303
    ],
    [
     56,
     -90620
    ],
    [
     57,
     -91451
    ],
    [
     58,
     -94813
    ],
    [
     59,
     -112465
    ],
    [
     60,
     -121861
    ],
    [
     61,
     -139724
    ],
    [
     62,
     -169783
    ],
    [
     63,
     -186055
    ],
    [
     64,
     -195180
    ]
   ]
  },
  "37": {
   "reason": "78 آيةً تنحرف عن موضعها المسموع > 1.5ث (أقصاها الآية 182: -203.4ث) · الآيات 34,35,62,104,105,106,107,108,109,110,111,112,113,114,115,116,117,118,119,120,121,122,123,124,125,126,127,128,130,134",
   "dev": [
    [
     34,
     -2231
    ],
    [
     35,
     -1951
    ],
    [
     62,
     4843
    ],
    [
     104,
     -1601
    ],
    [
     105,
     -8275
    ],
    [
     106,
     -14520
    ],
    [
     107,
     -18342
    ],
    [
     108,
     -20784
    ],
    [
     109,
     -23366
    ],
    [
     110,
     -24547
    ],
    [
     111,
     -24396
    ],
    [
     112,
     -22154
    ],
    [
     113,
     -25107
    ],
    [
     114,
     -30931
    ],
    [
     115,
     -34313
    ],
    [
     116,
     -35493
    ],
    [
     117,
     -37435
    ],
    [
     118,
     -39926
    ],
    [
     119,
     -42188
    ],
    [
     120,
     -43880
    ],
    [
     121,
     -45701
    ],
    [
     122,
     -49403
    ],
    [
     123,
     -52225
    ],
    [
     124,
     -55147
    ],
    [
     125,
     -55247
    ],
    [
     126,
     -58950
    ],
    [
     127,
     -62382
    ],
    [
     128,
     -62632
    ],
    [
     130,
     -63192
    ],
    [
     134,
     -64504
    ],
    [
     135,
     -67115
    ],
    [
     136,
     -67916
    ],
    [
     137,
     -74420
    ],
    [
     138,
     -76001
    ],
    [
     139,
     -79184
    ],
    [
     140,
     -79964
    ],
    [
     141,
     -79884
    ],
    [
     142,
     -81625
    ],
    [
     143,
     -82245
    ],
    [
     144,
     -85867
    ],
    [
     145,
     -89870
    ],
    [
     146,
     -92353
    ],
    [
     147,
     -94434
    ],
    [
     148,
     -96595
    ],
    [
     149,
     -99157
    ],
    [
     150,
     -99577
    ],
    [
     151,
     -101338
    ],
    [
     152,
     -104620
    ],
    [
     153,
     -106542
    ],
    [
     154,
     -107502
    ],
    [
     155,
     -107603
    ],
    [
     156,
     -108734
    ],
    [
     157,
     -110764
    ],
    [
     158,
     -115568
    ],
    [
     159,
     -130798
    ],
    [
     160,
     -135461
    ],
    [
     161,
     -138363
    ],
    [
     162,
     -141325
    ],
    [
     163,
     -144267
    ],
    [
     164,
     -143807
    ],
    [
     165,
     -148810
    ],
    [
     166,
     -154634
    ],
    [
     167,
     -156315
    ],
    [
     168,
     -159147
    ],
    [
     169,
     -164261
    ],
    [
     170,
     -165061
    ],
    [
     171,
     -167683
    ],
    [
     172,
     -165602
    ],
    [
     173,
     -169925
    ],
    [
     174,
     -172747
    ],
    [
     175,
     -174367
    ],
    [
     176,
     -176148
    ],
    [
     177,
     -180051
    ],
    [
     178,
     -183173
    ],
    [
     179,
     -185595
    ],
    [
     180,
     -185575
    ],
    [
     181,
     -192300
    ],
    [
     182,
     -203387
    ]
   ]
  },
  "57": {
   "reason": null,
   "dev": []
  },
  "76": {
   "reason": null,
   "dev": []
  },
  "97": {
   "reason": null,
   "dev": []
  }
 }
}
